649010762355220484
649010733112512512
649010716717023232
649010688413839361
649010682634084352
649010594364964865
649010551062818816
649010543869739008
649010529554579456
649010526048157697
649010503658815488
649010488710295552
649010484608303104
649010453004308480
649010428752887808
649010424449474560
649010418766057472
649010416715218944
649010407332446208
649010403108753408
649010373723602944
649010364298985472
649010351858688000
649010312310599680
649010280224137216
649010215183122433
649010171314876416
649010166520791044
649010165635747840
649010157050023937
649010148007149569
649010145838669824
649010142361595904
649010142080577536
649010140998463488
649010135298375680
649010130860830720
649010128675409920
649010121989844992
649010095200845824
649010085134471168
649010059570212864
649010039127015424
649010032324026368
649010032001069057
649010015991263232
649009983804317696
649009974945968128
649009968784519168
649009948781879296
649009929383190528
649009915030319105
649009904900923392
649009888169820160
649009885003259904
649009883128459264
649009881492623360
649009880918044673
649009875943587841
649009874546900992
649009872940478464
649009871690534912
649009870432260096
649009869341769728
649009867852763136
649009865235546112
649009858910519296
649009854716231680
649009850802941952
649009844175941632
649009832645763073
649009822319427584
649009818649370624
649009783190622208
649009778405064705
649009747153162240
649009656438784000
649009646464815104
649009645185560576
649009643855982592
649009635953934336
649009616441974784
649009578840096768
649009568765231104
649009565917274112
649009564868845569
649009564822716416
649009558656933888
649009530932609025
649009523722747904
649009504772685824
649009500167479296
649009492764459008
649009491275481088
649009484661170179
649009402209374208
649009345292845056
649009344818880516
649009343564771328
649009341882875904
649010762355220484
649010733112512512
649010716717023232
649010688413839361
649010682634084352
649010594364964865
649010551062818816
649010543869739008
649010529554579456
649010526048157697
649010503658815488
649010488710295552
649010484608303104
649010453004308480
649010428752887808
649010424449474560
649010418766057472
649010416715218944
649010407332446208
649010403108753408
649010373723602944
649010364298985472
649010351858688000
649010312310599680
649010280224137216
649010215183122433
649010171314876416
649010166520791044
649010165635747840
649010157050023937
649010148007149569
649010145838669824
649010142361595904
649010142080577536
649010140998463488
649010135298375680
649010130860830720
649010128675409920
649010121989844992
649010095200845824
649010085134471168
649010059570212864
649010039127015424
649010032324026368
649010032001069057
649010015991263232
649009983804317696
649009974945968128
649009968784519168
649009948781879296
649009929383190528
649009915030319105
649009904900923392
649009888169820160
649009885003259904
649009883128459264
649009881492623360
649009880918044673
649009875943587841
649009874546900992
649009872940478464
649009871690534912
649009870432260096
649009869341769728
649009867852763136
649009865235546112
649009858910519296
649009854716231680
649009850802941952
649009844175941632
649009832645763073
649009822319427584
649009818649370624
649009783190622208
649009778405064705
649009747153162240
649009656438784000
649009646464815104
649009645185560576
649009643855982592
649009635953934336
649009616441974784
649009578840096768
649009568765231104
649009565917274112
649009564868845569
649009564822716416
649009558656933888
649009530932609025
649009523722747904
649009504772685824
649009500167479296
649009492764459008
649009491275481088
649009484661170179
649009402209374208
649009345292845056
649009344818880516
649009343564771328
649009341882875904
649010762355220484
649010733112512512
649010688413839361
649010682634084352
649010594364964865
649010551062818816
649010543869739008
649010529554579456
649010526048157697
649010503658815488
649010488710295552
649010484608303104
649010453004308480
649010428752887808
649010424449474560
649010418766057472
649010416715218944
649010407332446208
649010403108753408
649010373723602944
649010312310599680
649010280224137216
649010215183122433
649010171314876416
649010166520791044
649010165635747840
649010157050023937
649010148007149569
649010145838669824
649010142361595904
649010135298375680
649010128675409920
649010121989844992
649010095200845824
649010085134471168
649010059570212864
649010039127015424
649010032324026368
649010032001069057
649010015991263232
649009983804317696
649009974945968128
649009968784519168
649009948781879296
649009929383190528
649009925574672384
649009915030319105
649009904900923392
649009888169820160
649009880918044673
649009867223535616
649009854716231680
649009850802941952
649009849154564096
649009832645763073
649009828841541633
649009783190622208
649009778405064705
649009747153162240
649009656438784000
649009635953934336
649009624528650240
649009616441974784
649009578840096768
649009568765231104
649009565917274112
649009564868845569
649009564822716416
649009558656933888
649009530932609025
649009523722747904
649009504772685824
649009500167479296
649009493083222016
649009492764459008
649009491275481088
649009484661170179
649009402209374208
649009363152150528
649009344818880516
649009337617117184
649009324648345600
649009323046141952
649009286065037312
649009240497983488
649009237687865345
649009177839431681
649009152509935617
649009092007071744
649009089742159872
649009068321959936
649009063095762944
649009033802715136
649009027729506304
649009007353593856
649008939678494720
649008883491569666
649008816974000128
649008805561303040
649008705590181888
