1178459434072207360
1178459422172962818
1178459402342408194
1178459393467174912
1178459356964081664
1178459356934725632
1178459340770041858
1178459311103709184
1178459295081328640
1178459279461892097
1178459277024997376
1178459273992359936
1178459270414848000
1178459267252342784
1178459261363507200
1178459260054839300
1178459252098289664
1178459249959165952
1178459246872207361
1178459244783255552
1178459193596141570
1178459191599493120
1178459190467207169
1178459189783470082
1178459187937980417
1178459163438960640
1178459148351987712
1178459142177972224
1178459125807640577
1178459122917892103
1178459109072355328
1178459093612150784
1178459073433362433
1178459058577166336
1178459055016333317
1178459048544370689
1178459031498715138
1178458996438487046
1178458995637542912
1178458983570366464
1178458959671369729
1178458952356397056
1178458932806914049
1178458915257888771
1178458906261016576
1178458904981889024
1178458878809260032
1178458867962957826
1178458865878200320
1178458840762912768
1178458839970017280
1178458803504701440
1178458795707686912
1178458795116236802
1178458773679001600
1178458759611310080
1178458754322448384
1178458748341362693
1178458735540424705
1178458722328350722
1178458703462354944
1178458686445895681
1178458671845646337
1178458663092137985
1178458650735730691
1178458625981009920
1178458624483446784
1178458615461683200
1178458582335066115
1178458581768622080
1178458567176835077
1178458559870312448
1178458558582538240
1178458527100100609
1178458515557494784
1178458512868790272
1178458499107495936
1178458483663880193
1178458483433320453
1178458476923822082
1178458476067950592
1178458471588646913
1178458470749589505
1178458459794096128
1178458449736171520
1178458449300078593
1178458435874111488
1178458427372265472
1178458426172723200
1178458402302783489
1178458399945756674
1178458387337695238
1178458379640950785
1178458373496418304
1178458349827956737
1178458313496899584
1178458286640623616
1178458265056763904
1178458261550440449
1178458239513419777
1178458232014008320
1178458228545355776
1178458224040787970
1178458190914244610
1178458163835736064
1178458147930943489
1178458134874132480
1178458085637152769
1178458083489660928
1178458072991186946
1178458060458745856
1178458060135784449
1178458059015892993
1178458035364057088
1178458021426540544
1178457996575350784
1178457996252332032
1178457995623059457
1178457994465599488
1178457976937598976
1178457962966331393
1178457937485930497
1178457931559292928
1178457911942635521
1178457909207928832
1178457907173711878
1178457893013803009
1178457866123874305
1178457862949003265
1178457848558145537
1178457830350831617
1178457824147525632
1178457816761131008
1178457808779431936
1178457794908958720
1178457776382730240
1178457773769678849
1178457745978281987
1178457718769754112
1178457710448271360
1178457683579604992
1178457653384605697
1178457628239912961
1178457614461464577
1178457607037693952
1178457606412746752
1178457603938164737
1178457595775873024
1178457580559052800
1178457547197603841
1178457537802358789
1178457523931758593
1178457504004661249
1178457502058504192
1178457500271529985
1178457490238902275
1178457486996713477
1178457480277430272
1178457468428521472
1178457438711885829
1178457377944813568
1178457356897701888
1178457348001558534
1178457329756299264
1178457325658501120
1178457310534017030
1178457309636386817
1178457285384953856
1178457267722690560
1178457260995104768
1178457256657948672
1178457244150710272
1178457233950220288
1178457213196816385
1178457201582759936
1178457201423376385
1178457175645048832
1178457161573310466
1178457157852753920
1178457131286024192
1178457126831677440
1178457125548244992
1178457099845672960
1178457094279716865
1178457072616255493
1178457072519860225
1178457071718674438
1178457069386530816
1178457057474891777
1178457042656354309
1178457027024211968
1178456999064932352
1178456998414884864
1178456986297479169
1178456980077203456
1178456966756229121
1178456960460566528
1178456955385311232
1178456940499763200
1178456938323034112
1178456881397940231
1178456865811943425
1178456859449143296
1178456842197843968
1178456841308823553
1178456808110858240
1178456800582144001
1178456789227991040
1178456781137289217
1178456770953564160
1178456755631575040
1178456753719013377
1178456747301728257
1178456743468322821
1178456731145232384
1178456651634036736
1178456625042149376
1178456592326496256
1178456590396997632
1178456571476467712
1178456549313957889
1178456494368595968
1178456493303066624
1178456479679954944
1178456471304056839
1178456464622374913
1178456455512494080
1178456453969010688
1178456441587417089
1178456439888572416
1178456433916043266
1178456433915916289
1178456433068773376
1178456417851736064
1178456383160631296
1178456381294338048
1178456377699831808
1178456375803949057
1178456375044771840
1178456356535377921
1178456356388573187
1178456344086511616
1178456341767184386
1178456288583442438
1178456271084646400
1178456226759401472
1178456218618253314
1178456213467484161
1178456205842374656
1178456188503166977
1178456187639140354
1178456181859405824
1178456154617401345
1178456151068950529
1178456126909583360
1178456124862996480
1178456077530271748
1178456051005345792
1178456045829509120
1178456037394976768
1178456029522210816
1178456021813141505
1178456008097763328
1178456006583635968
1178455986337648640
1178455969749245953
1178455957510197250
1178455946437283848
1178455944709181440
1178455922856878081
1178455910898946050
1178455905391788034
1178455898097885184
1178455892926357504
1178455882612518912
1178455880846774273
1178455879391285249
1178455868553207809
1178455855676710912
1178455845019045891
1178455832817594368
1178455816673939462
1178455815260426248
1178455807882457089
1178455802266304512
1178455769609453568
1178455768959504384
1178455754325549057
1178455691918544898
1178455686331547648
1178455683961888769
1178455677326503938
1178455617666715648
1178455615741386755
1178455578110242816
1178455572833812480
1178455565795766273
1178455541401735168
1178455526579036160
1178455526297853953
1178455513501188098
1178455505867427840
1178455497898434561
1178455490231189506
1178455466688434176
1178455431296872448
1178455405615357955
1178455401215381505
1178455399520821248
1178455387500142596
1178455382529695745
1178455350959362049
1178455350166638592
1178455342834839552
1178455334748348417
1178455331241779200
1178455329157332992
1178455308353642497
1178455290754355200
1178455258567196673
1178455254314012673
1178455239512469509
1178455224341745665
1178455186852892672
1178455176866193408
1178455175809454085
1178455174085513216
1178455172189581312
1178455160873373696
1178455154883993602
1178455141357252608
1178455140581310464
1178455130179588096
1178455117508628480
1178455103604428800
1178455098177007616
1178455091130638336
1178455086755909633
1178455076542861314
1178455073325813761
1178455072528728064
1178455030892044293
1178455010138447873
1178454912386002944
1178454909726777344
1178454880932941824
1178454865929998336
1178454854638792704
1178454851237404674
1178454840768229377
1178454827556315136
1178454825266221056
1178454815329808384
1178454808602136576
1178454807490813952
1178454802293903360
1178454797005070337
1178454762397716481
1178454745104564224
1178454728566427648
1178454682567491584
1178454666914516992
1178454651856936960
1178454644302987264
1178454637734576129
1178454629262094341
1178454627030831106
1178454625676083206
1178454621347442689
1178454613411938306
1178454610509475840
1178454573972967426
1178454556482527232
1178454551839555586
1178454543501348865
1178454538421846018
1178454530729631745
1178454482058960897
1178454451100631041
1178454430099755008
1178454419526094855
1178454409430233088
1178454408260014080
1178454402924859392
1178454367533445120
1178454354048757761
1178454347560169472
1178454347115577346
1178454342606708736
1178454331131092995
1178454320381153291
1178454310390321152
1178454310163759104
1178454306443235328
1178454298058821632
1178454297249370112
1178454282909179904
1178454264806625280
1178454256912912385
1178454224323141632
1178454156597579776
1178454138578968576
1178454134569218052
1178454127719768065
1178454123856961537
1178454108812009474
1178454083713327106
1178454081620201472
1178454074208899072
1178454073298866177
1178454068890521601
1178454053329784832
1178454052151021568
1178454032194637824
1178454030063984640
1178454011445420036
1178453990373244928
1178453988926201856
1178453979652673536
1178453958467215361
1178453905434402817
1178453887004692480
1178453885192679425
1178453870596497408
1178453843232935941
1178453838749143045
1178453831979618306
1178453813755138048
1178453812467699717
1178453795606552577
1178453777126322176
1178453769891172352
1178453753319624705
1178453751067267072
1178453745782251520
1178453718792052736
1178453713528201217
1178453710428495872
1178453693819043840
1178453681718677505
1178453657483915266
1178453654023606273
1178453645160878080
1178453632724934657
1178453628702445569
1178453604828495872
1178453541763072000
1178453536134373376
1178453486717034496
1178453453837873152
1178453448070750212
1178453394358439938
1178453386754248704
1178453383935479808
1178453356609773569
1178453339341766662
1178453334497169408
1178453326377013249
1178453325827776515
1178453319230070785
1178453318575611904
1178453317204054017
1178453316465881089
1178453235146706944
1178453157862612993
1178453155324948480
1178453147670515712
1178453146722455552
1178453139139096576
1178453130025013249
1178453126682206210
1178453125612486656
1178453124996042752
1178453122055839744
1178453106788487168
1178453103600787457
1178453093509300224
1178453042829516800
1178453038283014145
1178453036076810244
1178453030858964993
1178453028610985987
1178453007417122818
1178452988261740545
1178452967910821889
1178452964983365632
1178452956552847366
1178452932813033477
1178452932271968256
1178452908037292033
1178452904975458306
1178452896884510720
1178452896205041664
1178452890744016898
1178452878249340929
1178452853951582208
1178452848411107334
1178452838516551680
1178452834947403776
1178452834007814145
1178452798192656385
1178452797509001216
1178452795067781121
1178452782581452800
1178452762310451200
1178452745302335488
1178452735189872640
1178452722808446984
1178452691191660544
1178452685160402944
1178452644894924800
1178452634757255170
1178452633557897217
1178452616751144960
1178452605451681792
1178452603895795714
1178452586040614912
1178452563236012032
1178452550217076736
1178452546064486400
1178452502305546240
1178452494428639232
1178452486937546752
1178452485880631297
1178452484542681089
1178452481270923264
1178452468692213760
1178452463139065857
1178452423104446468
1178452417765167115
1178452406927056896
1178452397116579842
1178452396235616256
1178452387729563651
1178452377126494209
1178452358164074498
1178452354070392832
1178452348718501891
1178452344016687104
1178452325976817664
1178452313855406082
1178452299095642112
1178452266514337792
1178452250643111936
1178452235497418757
1178452232746029057
1178452213167001601
1178452201158725632
1178452182477262848
1178452178966417412
1178452163527397376
1178452152051585024
1178452145630273538
1178452139628204032
1178452138642554882
1178452138059452416
1178452129570344960
1178452119847870467
1178452108141481986
1178452099547443200
1178452089720074240
1178452078940655616
1178452075715289088
1178452070510338049
1178452046514675712
1178452038390124546
1178452031096414210
1178452020279296000
1178452016659451905
1178452011358003200
1178452005012066306
1178452002730213377
1178451985705705473
1178451983960698880
1178451974867562497
1178451972208373761
1178451959705153540
1178451947206201344
1178451940532899840
1178451939501035521
1178451938582630401
1178451933264334848
1178451931339149314
1178451923776741379
1178451903723819013
1178451894630572032
1178451892134907905
1178451891820347394
1178451891677589504
1178451888687194112
1178451869376618496
1178451862934061056
1178451855648518144
1178451843854340096
1178451813424668673
1178451764955119616
1178451746605060096
1178451746034716672
1178451745216679936
1178451740435214338
1178451736928931841
1178451734072446976
1178451726220709888
1178451721015545856
1178451717777580032
1178451711133806594
1178451707849691137
1178451697053646848
1178451683791310848
1178451656234676225
1178451652141076480
1178451650282844161
1178451640120201217
1178451634671771657
1178451631106662403
1178451625544945664
1178451614396379136
1178451612303409152
1178451590447063041
1178451563330838535
1178451544011878406
1178451543969783808
1178451542350991362
1178451535035895808
1178451516719415296
1178451505927475200
1178451500441452545
1178451468317278214
1178451467038085127
1178451452643164163
1178451413325795330
1178451400499449857
1178451392274616323
1178451385349591041
1178451382984216576
1178451355351994368
1178451343238787072
1178451330249232385
1178451321151725568
1178451320589688832
1178451312469405696
1178451267431075841
1178451238599495681
1178451231192293383
1178451205594304512
1178451176637042688
1178451163751993344
1178451163018076161
1178451155048783873
1178451127961915392
1178451109431504896
1178451109095956482
1178451095972143105
1178451074031730694
1178451070768558081
1178451068285521922
1178451053093834753
1178451034911363072
1178450997997211649
1178450983493554182
1178450979131256832
1178450971522940929
1178450967198666758
1178450946382336003
1178450926467719168
1178450892871352320
1178450887490068483
1178450851188359169
1178450846259924993
1178450843470725120
1178450842426511361
1178450834868330497
1178450815339638784
1178450791071244289
1178450785211834368
1178450773656530946
1178450768552054790
1178450737749209094
1178450737384378374
1178450736310624256
1178450723614396417
1178450704614219777
1178450698150629376
1178450682392670208
1178450664759926784
1178450662893457409
1178450656639750145
1178450650985689088
1178450646086885377
1178450635886383106
1178450630211358721
1178450611466952704
1178450595193090048
1178450589581287426
1178450585776996353
1178450568416641024
1178450533662756866
1178450531431223297
1178450527849472000
1178450525639122944
1178450500041224194
1178450468391067648
1178450468021964800
1178450458022699009
1178450450439213056
1178450439467081728
1178450428683526146
1178450427219763200
1178450425319743489
1178450410673180672
1178450357992620032
1178450352552718341
1178450325600161793
1178450308302868480
1178450301621276677
1178450291630493696
1178450290145660929
1178450240648732672
1178450240451600385
1178450238312304641
1178450229823074304
1178450229269385217
1178450225024753664
1178450211850641413
1178450201708658688
1178450190476333058
1178450168020111362
1178450159904141312
1178450157626691584
1178450155093184512
1178450140329205760
1178450129147183104
1178450117411721216
1178450102467231744
1178450092296228864
1178450084524105728
1178450084029222914
1178450056841531393
1178450047953821696
1178450044640362496
1178450042815995904
1178449983743221760
1178449975740493824
1178449968555839488
1178449927820779520
1178449926587445248
1178449884053168128
1178449862909726722
1178449841405476865
1178449815207849985
1178449813437706241
1178449799311495168
1178449797461577728
1178449790843183104
1178449785910509568
1178449774464376834
1178449773642289156
1178449762078429185
1178449759008411653
1178449754675564544
1178449751823572992
1178449743376240642
1178449704364982273
1178449701563031552
1178449698685779968
1178449686606184448
1178449675558510594
1178449666670768134
1178449656679845888
1178449648194768902
1178449636719116288
1178449606235103232
1178449601499521025
1178449597644935168
1178449591211040768
1178449587071266818
1178449559745437696
1178449554104094721
1178449506968440840
1178449502992093184
1178449487330717696
1178449479004872704
1178449475309838336
1178449468234051585
1178449462395465729
1178449450735415296
1178449435065499648
1178449397484384257
1178449386050711552
1178449382854811648
1178449364873830400
1178449356007104514
1178449353553281024
1178449342660669440
1178449327179603969
1178449321978580992
1178449310855221248
1178449301057368065
1178449292689846272
1178449288952766464
1178449286943531008
1178449276160135169
1178449275711361025
1178449261962379265
1178449243402637313
1178449229590732800
1178449229179695104
1178449213367160832
1178449188943749120
1178449159185035265
1178449153292062720
1178449147222884353
1178449126649925632
1178449114654281731
1178449111781117953
1178449099391209472
1178449088800591873
1178449082454441984
1178449070618218496
1178449069057818625
1178449033037152256
1178449032559173633
1178449008710176768
1178449007074394112
1178448996634742784
1178448992964874240
1178448988594409478
1178448987420069889
1178448982508527618
1178448966041530369
1178448960559579136
1178448945443479552
1178448941865672710
1178448928959815680
1178448908281896960
1178448898546946048
1178448898341376002
1178448892259717122
1178448890556755969
1178448884105826304
1178448858268884992
1178448842959798272
1178448827402969088
1178448827126358017
1178448813301944321
1178448796113670145
1178448776907780097
1178448754015375360
1178448741453447179
1178448728111403014
1178448723988238337
1178448720834097152
1178448717717766144
1178448712282132480
1178448702329020418
1178448693638230016
1178448692954587137
1178448690647683072
1178448677955915776
1178448660184653825
1178448657701466112
1178448647421337601
1178448622490226689
1178448618476298240
1178448610150801410
1178448607722143744
1178448578529955846
1178448563585466368
1178448555624804352
1178448527057395712
1178448483180638208
1178448472263053312
1178448468655984640
1178448468509167616
1178448456207257603
1178448455842357254
1178448437777289216
1178448433377611776
1178448421046255616
1178448418273759232
1178448387290669057
1178448374632194048
1178448366688186368
1178448353908154371
1178448345934761985
1178448321213452288
1178448297587032065
1178448284391809024
1178448275571187714
1178448268570710016
1178448266473570305
1178448261910290432
1178448202141294592
1178448194688167937
1178448181920706560
1178448181211869186
1178448178921664514
1178448163604226048
1178448159195856896
1178448137226199040
1178448130888458240
1178448116896260098
1178448108541210624
1178448107694120966
1178448083429904384
1178448079013462017
1178448073959194624
1178448060915109888
1178448052526485504
1178448033937268736
1178448029164032000
1178448023300362240
1178448018510450688
1178447987049000960
1178447976496324609
1178447972230713344
1178447970896957440
1178447965104623620
1178447911102885888
1178447879876141057
1178447845650845696
1178447844694355969
1178447818643689472
1178447811555270656
1178447809663705089
1178447806819979264
1178447805125296128
1178447800746565632
1178447794023145473
1178447772791529478
1178447766038540288
1178447763748671495
1178447761412366337
1178447727916539905
1178447712347291648
1178447701937025025
1178447697579261953
1178447680093249536
1178447677903822848
1178447674011459584
1178447664184201217
1178447663068536833
1178447640285106178
1178447639160864768
1178447635436507138
1178447635142844420
1178447622727553024
1178447549046427649
1178447538971656193
1178447534731120640
1178447496785231872
1178447483422334976
1178447473876099073
1178447470734581762
1178447437620367360
1178447436299341824
1178447421749088256
1178447419471749120
1178447364970799104
1178447361904910336
1178447337418579968
1178447326907699200
1178447313095671814
1178447294040956928
1178447261367521280
1178447246792286208
1178447245039063040
1178447211413360641
1178447207059640327
1178447197446316033
1178447191683293184
1178447187916857345
1178447168929173504
1178447159928266753
1178447153779228675
1178447150860001280
1178447133512519686
1178447125379608576
1178447109919518720
1178447085508673536
1178447078214778881
1178447062653902850
1178447051517919232
1178447013035294723
1178446991681961984
1178446988922281985
1178446982303473670
1178446958714851329
1178446956550479873
1178446939324653569
1178446936262750214
1178446929526759426
1178446928117473288
1178446919410110464
1178446904201535491
1178446898295787520
1178446887810162688
1178446874669248512
1178446874405199872
1178446868260384769
